latitude=13.027725198150302
longitude=77.51944188916238

